---
genes: 27299
average_gene_length: 5877
transcripts_per_gene: 1.1858309828198834
average_transcript_length: 1428
exons_per_transcript: 6.897349561349314
average_exon_length: 207
