---
genes: 30760
average_gene_length: 5480
transcripts_per_gene: 1.1570221066319897
average_transcript_length: 1298
exons_per_transcript: 5.7754987355998875
average_exon_length: 224
