---
genes: 58160
average_gene_length: 4761
transcripts_per_gene: 1.1454607977991746
average_transcript_length: 1096
exons_per_transcript: 4.412113479435605
average_exon_length: 248
