---
genes: 32743
average_gene_length: 7948
transcripts_per_gene: 1.1705402681489174
average_transcript_length: 1306
exons_per_transcript: 6.024212696010645
average_exon_length: 216
