---
genes: 27522
average_gene_length: 4859
transcripts_per_gene: 1.1982050723057918
average_transcript_length: 1455
exons_per_transcript: 7.19082997240501
average_exon_length: 202
