---
genes: 23588
average_gene_length: 6427
transcripts_per_gene: 1.1995930133966424
average_transcript_length: 1529
exons_per_transcript: 7.758870511733107
average_exon_length: 197
