---
genes: 32669
average_gene_length: 6262
transcripts_per_gene: 1.1568765496342097
average_transcript_length: 1409
exons_per_transcript: 6.315896703180399
average_exon_length: 223
