---
genes: 30505
average_gene_length: 6917
transcripts_per_gene: 1.160563841993116
average_transcript_length: 1511
exons_per_transcript: 6.958788803208767
average_exon_length: 217
