---
genes: 27678
average_gene_length: 4912
transcripts_per_gene: 1.1775778596719415
average_transcript_length: 1295
exons_per_transcript: 6.005982879759458
average_exon_length: 215
