---
genes: 28057
average_gene_length: 6143
transcripts_per_gene: 1.1897565669886303
average_transcript_length: 1453
exons_per_transcript: 6.98654923459453
average_exon_length: 208
