---
genes: 23746
average_gene_length: 6132
transcripts_per_gene: 1.209508969931778
average_transcript_length: 1477
exons_per_transcript: 7.5419379548065875
average_exon_length: 195
