---
genes: 26920
average_gene_length: 5917
transcripts_per_gene: 1.1943164933135215
average_transcript_length: 1437
exons_per_transcript: 6.96693726478181
average_exon_length: 206
