---
genes: 30555
average_gene_length: 6436
transcripts_per_gene: 1.1676321387661595
average_transcript_length: 1402
exons_per_transcript: 6.4423578215657145
average_exon_length: 217
