---
genes: 29142
average_gene_length: 6700
transcripts_per_gene: 1.168553977077757
average_transcript_length: 1426
exons_per_transcript: 6.530892112527162
average_exon_length: 218
