---
genes: 23544
average_gene_length: 5384
transcripts_per_gene: 1.1481481481481481
average_transcript_length: 1322
exons_per_transcript: 6.371855578573543
average_exon_length: 207
