---
genes: 34553
average_gene_length: 5762
transcripts_per_gene: 1.1668161954099499
average_transcript_length: 1279
exons_per_transcript: 5.767368603814768
average_exon_length: 221
