---
genes: 39730
average_gene_length: 6184
transcripts_per_gene: 1.1503397936068462
average_transcript_length: 1275
exons_per_transcript: 5.485197908233595
average_exon_length: 232
