---
genes: 32285
average_gene_length: 5275
transcripts_per_gene: 1.135542821743844
average_transcript_length: 1397
exons_per_transcript: 6.077875671694716
average_exon_length: 229
