---
genes: 25645
average_gene_length: 6362
transcripts_per_gene: 1.1936439851822966
average_transcript_length: 1454
exons_per_transcript: 7.23040736989971
average_exon_length: 201
