---
genes: 28568
average_gene_length: 6009
transcripts_per_gene: 1.1741108933071969
average_transcript_length: 1447
exons_per_transcript: 6.883519169995826
average_exon_length: 210
