---
genes: 30853
average_gene_length: 5939
transcripts_per_gene: 1.179885262373189
average_transcript_length: 1452
exons_per_transcript: 6.90511771007884
average_exon_length: 210
