---
genes: 41611
average_gene_length: 6167
transcripts_per_gene: 1.1300857946216145
average_transcript_length: 1302
exons_per_transcript: 5.563095440626063
average_exon_length: 234
