---
genes: 25898
average_gene_length: 5604
transcripts_per_gene: 1.1979689551316703
average_transcript_length: 1556
exons_per_transcript: 7.76983078162772
average_exon_length: 200
