---
genes: 26457
average_gene_length: 7119
transcripts_per_gene: 1.180746116339721
average_transcript_length: 1496
exons_per_transcript: 7.156343032747527
average_exon_length: 209
