---
genes: 27491
average_gene_length: 4755
transcripts_per_gene: 1.1555418136844786
average_transcript_length: 1296
exons_per_transcript: 5.903988415651463
average_exon_length: 219
