---
genes: 40258
average_gene_length: 5625
transcripts_per_gene: 1.1460082468080879
average_transcript_length: 1206
exons_per_transcript: 5.023452401595284
average_exon_length: 240
