---
genes: 28647
average_gene_length: 7593
transcripts_per_gene: 1.1604356477118023
average_transcript_length: 1436
exons_per_transcript: 6.7090214481244175
average_exon_length: 214
