---
genes: 30164
average_gene_length: 6191
transcripts_per_gene: 1.1482561994430447
average_transcript_length: 1420
exons_per_transcript: 6.235852869846402
average_exon_length: 227
