---
genes: 25910
average_gene_length: 8655
transcripts_per_gene: 1.1671169432651487
average_transcript_length: 1568
exons_per_transcript: 7.4744708994709
average_exon_length: 209
