---
genes: 28635
average_gene_length: 5855
transcripts_per_gene: 1.1845643443338572
average_transcript_length: 1419
exons_per_transcript: 6.782547169811321
average_exon_length: 209
