---
genes: 50644
average_gene_length: 4613
transcripts_per_gene: 1.1529697496248321
average_transcript_length: 1245
exons_per_transcript: 5.330496138103475
average_exon_length: 233
