---
genes: 33623
average_gene_length: 8320
transcripts_per_gene: 1.1658686018499242
average_transcript_length: 1333
exons_per_transcript: 6.100382653061224
average_exon_length: 218
